# Created by Octave 4.0.0, Tue Jun 21 23:08:48 2016 India Standard Time <unknown@811JWV062>
# name: v
# type: diagonal matrix
# rows: 10
# columns: 10
1
1
1
1
1
1
1
1
1
1


